fidelities 0,49999999999999994 0,49999999999999994
fidelities 0,49999999999999994 0,49999999999999994
fidelities 0,49999999999999994 0,49999999999999994
fidelities 0,49999999999999994 0,49999999999999994
fidelities 0,49999999999999994 0,49999999999999994
fidelities 0,49999999999999994 0,49999999999999994
fidelities 0,49999999999999994 0,49999999999999994
fidelities 0,49999999999999994 0,49999999999999994
fidelities 0,49999999999999994 0,49999999999999994
fidelities 0,49999999999999994 0,49999999999999994
fidelities 0,49999999999999994 0,49999999999999994
fidelities 0,5700877125495689 0,49999999999999994
fidelities 0,5700877125495689 0,5000005250027518
fidelities 0,5700877125495689 0,500008403039181
fidelities 0,5700877125495689 0,5000427034918149
fidelities 0,5700877125495689 0,5001376100091568
fidelities 0,5700877125495689 0,500358428621576
fidelities 0,5700877125495689 0,5008711413588648
fidelities 0,5700877125495689 0,502169580464829
fidelities 0,5700877125495689 0,5056852210969676
fidelities 0,5700877125495689 0,5151720184854619
fidelities 0,5700877125495689 0,5392224676005418
fidelities 0,6324555320336758 0,49999999999999994
fidelities 0,6324555320336758 0,5000022000023565
fidelities 0,6324555320336758 0,5000352061744638
fidelities 0,6324555320336758 0,5001786001841705
fidelities 0,6324555320336758 0,5005706699942835
fidelities 0,6324555320336758 0,5014471281172918
fidelities 0,6324555320336758 0,5033133540745032
fidelities 0,6324555320336758 0,5075181376194343
fidelities 0,6324555320336758 0,5177898104441863
fidelities 0,6324555320336758 0,5434255176548346
fidelities 0,6324555320336758 0,6030226891555271
fidelities 0,689202437604511 0,49999999999999994
fidelities 0,689202437604511 0,500005174985791
fidelities 0,689202437604511 0,5000828061307199
fidelities 0,689202437604511 0,5004197592843259
fidelities 0,689202437604511 0,5013368248184843
fidelities 0,689202437604511 0,5033557291492613
fidelities 0,689202437604511 0,5075041003082059
fidelities 0,689202437604511 0,5163342648734679
fidelities 0,689202437604511 0,5365283548669444
fidelities 0,689202437604511 0,5832621221419367
fidelities 0,689202437604511 0,6804911327990849
fidelities 0,7416198487095662 0,49999999999999994
fidelities 0,7416198487095662 0,5000095999268993
fidelities 0,7416198487095662 0,5001535961509258
fidelities 0,7416198487095662 0,5007781556802205
fidelities 0,7416198487095662 0,5024727020614526
fidelities 0,7416198487095662 0,5061670976132324
fidelities 0,7416198487095662 0,5135863977985723
fidelities 0,7416198487095662 0,5287531345425621
fidelities 0,7416198487095662 0,5614927009448141
fidelities 0,7416198487095662 0,6312348751326387
fidelities 0,7416198487095662 0,7590039239172213
fidelities 0,7905694150420948 0,49999999999999994
fidelities 0,7905694150420948 0,5000156247821635
fidelities 0,7905694150420948 0,5002499648381925
fidelities 0,7905694150420948 0,5012656373971738
fidelities 0,7905694150420948 0,5040135541202364
fidelities 0,7905694150420948 0,5099550219555139
fidelities 0,7905694150420948 0,5216585632827593
fidelities 0,7905694150420948 0,5447276467567884
fidelities 0,7905694150420948 0,5916807193310569
fidelities 0,7905694150420948 0,6829677385213905
fidelities 0,7905694150420948 0,8291561975888498
fidelities 0,8366600265340756 0,49999999999999994
fidelities 0,8366600265340756 0,5000233994860082
fidelities 0,8366600265340756 0,5003742948692284
fidelities 0,8366600265340756 0,5018938897403946
fidelities 0,8366600265340756 0,5059928758781714
fidelities 0,8366600265340756 0,5147819322767206
fidelities 0,8366600265340756 0,5317660165809389
fidelities 0,8366600265340756 0,564021454063566
fidelities 0,8366600265340756 0,6256532328934781
fidelities 0,8366600265340756 0,7342718979455666
fidelities 0,8366600265340756 0,8864052604279182
fidelities 0,8803408430829505 0,49999999999999994
fidelities 0,8803408430829505 0,5000330739456388
fidelities 0,8803408430829505 0,5005289615815832
fidelities 0,8803408430829505 0,5026743964501447
fidelities 0,8803408430829505 0,5084420087924209
fidelities 0,8803408430829505 0,5206968061900336
fidelities 0,8803408430829505 0,5438962730769348
fidelities 0,8803408430829505 0,5862255737762898
fidelities 0,8803408430829505 0,6617608973849547
fidelities 0,8803408430829505 0,7819166440437862
fidelities 0,8803408430829505 0,930179754133576
fidelities 0,9219544457292886 0,49999999999999994
fidelities 0,9219544457292886 0,5000447980354144
fidelities 0,9219544457292886 0,5007163314375481
fidelities 0,9219544457292886 0,5036183982648055
fidelities 0,9219544457292886 0,511389743787524
fidelities 0,9219544457292886 0,5277334135357374
fidelities 0,9219544457292886 0,5579778118101149
fidelities 0,9219544457292886 0,6107946387491415
fidelities 0,9219544457292886 0,6983733954634858
fidelities 0,9219544457292886 0,8239235656422524
fidelities 0,9219544457292886 0,962120406017706
fidelities 0,9617692030835672 0,49999999999999994
fidelities 0,9617692030835672 0,5000587215907553
fidelities 0,9617692030835672 0,5009387603681769
fidelities 0,9617692030835672 0,5047368493550706
fidelities 0,9617692030835672 0,5148619363551642
fidelities 0,9617692030835672 0,5359090312129741
fidelities 0,9617692030835672 0,5738829327205648
fidelities 0,9617692030835672 0,6370952167332211
fidelities 0,9617692030835672 0,7340614976519045
fidelities 0,9617692030835672 0,8594735115048813
fidelities 0,9617692030835672 0,9846201014533709
fidelities 0,9999999999999999 0,49999999999999994
fidelities 0,9999999999999999 0,5000749944015871
fidelities 0,9999999999999999 0,5011985920015036
fidelities 0,9999999999999999 0,5060403721573966
fidelities 0,9999999999999999 0,5188811475921752
fidelities 0,9999999999999999 0,5452237224874071
fidelities 0,9999999999999999 0,5914341637311239
fidelities 0,9999999999999999 0,664457787595766
fidelities 0,9999999999999999 0,7677085852700739
fidelities 0,9999999999999999 0,8886069180145663
fidelities 0,9999999999999999 0,9999999999999999