fidelities 0,49999999999999994 0,49999999999999994
fidelities 0,49999999999999994 0,49999999999999994
fidelities 0,49999999999999994 0,49999999999999994
fidelities 0,49999999999999994 0,49999999999999994
fidelities 0,49999999999999994 0,49999999999999994
fidelities 0,49999999999999994 0,49999999999999994
fidelities 0,49999999999999994 0,49999999999999994
fidelities 0,49999999999999994 0,49999999999999994
fidelities 0,49999999999999994 0,49999999999999994
fidelities 0,49999999999999994 0,49999999999999994
fidelities 0,49999999999999994 0,49999999999999994
fidelities 0,5700877125495689 0,5151720184854619
fidelities 0,5700877125495689 0,5167208878838315
fidelities 0,5700877125495689 0,5184209945303906
fidelities 0,5700877125495689 0,5202854252758838
fidelities 0,5700877125495689 0,5223281343116477
fidelities 0,5700877125495689 0,5245639624559193
fidelities 0,5700877125495689 0,5270086506465582
fidelities 0,5700877125495689 0,529678846585907
fidelities 0,5700877125495689 0,5325921034421356
fidelities 0,5700877125495689 0,5357668694922846
fidelities 0,5700877125495689 0,5392224676005418
fidelities 0,6324555320336758 0,5434255176548346
fidelities 0,6324555320336758 0,5474624269188395
fidelities 0,6324555320336758 0,5518563876770057
fidelities 0,6324555320336758 0,5566328804355414
fidelities 0,6324555320336758 0,5618180965823878
fidelities 0,6324555320336758 0,5674387784725953
fidelities 0,6324555320336758 0,5735220313608418
fidelities 0,6324555320336758 0,5800951071180399
fidelities 0,6324555320336758 0,58718516040634
fidelities 0,6324555320336758 0,5948189787955644
fidelities 0,6324555320336758 0,6030226891555271
fidelities 0,689202437604511 0,5832621221419367
fidelities 0,689202437604511 0,59029576668283
fidelities 0,689202437604511 0,5978664484535942
fidelities 0,689202437604511 0,6060000844449983
fidelities 0,689202437604511 0,6147212833228822
fidelities 0,689202437604511 0,6240529209489251
fidelities 0,689202437604511 0,6340156992167189
fidelities 0,689202437604511 0,6446276967144584
fidelities 0,689202437604511 0,6559039209000188
fidelities 0,689202437604511 0,6678558724132144
fidelities 0,689202437604511 0,6804911327990849
fidelities 0,7416198487095662 0,6312348751326387
fidelities 0,7416198487095662 0,6411796563205593
fidelities 0,7416198487095662 0,6517445239759083
fidelities 0,7416198487095662 0,6629408140226429
fidelities 0,7416198487095662 0,6747758424995661
fidelities 0,7416198487095662 0,6872524641787325
fidelities 0,7416198487095662 0,7003686817433766
fidelities 0,7416198487095662 0,7141173210515334
fidelities 0,7416198487095662 0,7284857872385896
fidelities 0,7416198487095662 0,7434559149570839
fidelities 0,7416198487095662 0,7590039239172213
fidelities 0,7905694150420948 0,6829677385213905
fidelities 0,7905694150420948 0,6952209641142795
fidelities 0,7905694150420948 0,7080563469331859
fidelities 0,7905694150420948 0,7214623080486301
fidelities 0,7905694150420948 0,7354217584780711
fidelities 0,7905694150420948 0,7499120167217416
fidelities 0,7905694150420948 0,7649048491283061
fidelities 0,7905694150420948 0,7803666406960876
fidelities 0,7905694150420948 0,7962586992422865
fidelities 0,7905694150420948 0,8125376906694632
fidelities 0,7905694150420948 0,8291561975888498
fidelities 0,8366600265340756 0,7342718979455665
fidelities 0,8366600265340756 0,7479448091426578
fidelities 0,8366600265340756 0,762065788087802
fidelities 0,8366600265340756 0,776602477095703
fidelities 0,8366600265340756 0,7915177115157486
fidelities 0,8366600265340756 0,8067699521200776
fidelities 0,8366600265340756 0,8223138439068535
fidelities 0,8366600265340756 0,8381008873424476
fidelities 0,8366600265340756 0,8540802024213088
fidelities 0,8366600265340756 0,8701993611391771
fidelities 0,8366600265340756 0,8864052604279182
fidelities 0,8803408430829505 0,7819166440437862
fidelities 0,8803408430829505 0,7960886128156236
fidelities 0,8803408430829505 0,8105291691860999
fidelities 0,8803408430829505 0,8251947829848223
fidelities 0,8803408430829505 0,8400394586478834
fidelities 0,8803408430829505 0,8550154925737986
fidelities 0,8803408430829505 0,8700742827632932
fidelities 0,8803408430829505 0,8851671618729469
fidelities 0,8803408430829505 0,9002462236247011
fidelities 0,8803408430829505 0,9152651131382801
fidelities 0,8803408430829505 0,930179754133576
fidelities 0,9219544457292886 0,8239235656422526
fidelities 0,9219544457292886 0,8378256745391537
fidelities 0,9219544457292886 0,8518210491101758
fidelities 0,9219544457292886 0,8658660848662199
fidelities 0,9219544457292886 0,8799173441286909
fidelities 0,9219544457292886 0,8939322979058029
fidelities 0,9219544457292886 0,9078700303029724
fidelities 0,9219544457292886 0,9216918807512392
fidelities 0,9219544457292886 0,9353620032263997
fidelities 0,9219544457292886 0,9488478266143602
fidelities 0,9219544457292886 0,9621204060177061
fidelities 0,9617692030835672 0,8594735115048814
fidelities 0,9617692030835672 0,8725702225590805
fidelities 0,9617692030835672 0,8856208883036137
fidelities 0,9617692030835672 0,8985898659711928
fidelities 0,9617692030835672 0,911443534720817
fidelities 0,9617692030835672 0,9241507837351319
fidelities 0,9617692030835672 0,9366834144122055
fidelities 0,9617692030835672 0,9490164471004982
fidelities 0,9617692030835672 0,9611283280212608
fidelities 0,9617692030835672 0,973001037041909
fidelities 0,9617692030835672 0,984620101453371
fidelities 0,9999999999999999 0,8886069180145663
fidelities 0,9999999999999999 0,9005943681704707
fidelities 0,9999999999999999 0,9124441056723851
fidelities 0,9999999999999999 0,9241320182480175
fidelities 0,9999999999999999 0,9356367560198989
fidelities 0,9999999999999999 0,9469399145691784
fidelities 0,9999999999999999 0,9580261338356446
fidelities 0,9999999999999999 0,9688831163508514
fidelities 0,9999999999999999 0,9795015716389172
fidelities 0,9999999999999999 0,9898750961763165
fidelities 0,9999999999999999 0,9999999999999999