fidelities 0,49999999999999994 0,49999999999999994
fidelities 0,49999999999999994 0,49999999999999994
fidelities 0,49999999999999994 0,49999999999999994
fidelities 0,49999999999999994 0,49999999999999994
fidelities 0,49999999999999994 0,49999999999999994
fidelities 0,49999999999999994 0,49999999999999994
fidelities 0,49999999999999994 0,49999999999999994
fidelities 0,49999999999999994 0,49999999999999994
fidelities 0,49999999999999994 0,49999999999999994
fidelities 0,49999999999999994 0,49999999999999994
fidelities 0,49999999999999994 0,49999999999999994
fidelities 0,5700877125495689 0,5332126202177525
fidelities 0,5700877125495689 0,5350932657601409
fidelities 0,5700877125495689 0,5370600756024906
fidelities 0,5700877125495689 0,5391158869508976
fidelities 0,5700877125495689 0,541263568830451
fidelities 0,5700877125495689 0,5435060186278244
fidelities 0,5700877125495689 0,5458461584150656
fidelities 0,5700877125495689 0,5482869310600026
fidelities 0,5700877125495689 0,5508312961301834
fidelities 0,5700877125495689 0,5534822255987913
fidelities 0,5700877125495689 0,5562426993624808
fidelities 0,6324555320336758 0,5718206239972987
fidelities 0,6324555320336758 0,5758385874652469
fidelities 0,6324555320336758 0,5800280371091062
fidelities 0,6324555320336758 0,5843929951644456
fidelities 0,6324555320336758 0,5889373755225444
fidelities 0,6324555320336758 0,5936649702456237
fidelities 0,6324555320336758 0,5985794361289012
fidelities 0,6324555320336758 0,6036842813822364
fidelities 0,6324555320336758 0,6089828525039213
fidelities 0,6324555320336758 0,6144783214181664
fidelities 0,6324555320336758 0,6201736729460422
fidelities 0,689202437604511 0,6134411730744835
fidelities 0,689202437604511 0,6195916544920456
fidelities 0,689202437604511 0,6259761201475467
fidelities 0,689202437604511 0,6325971130612829
fidelities 0,689202437604511 0,639456807930773
fidelities 0,689202437604511 0,646556994724487
fidelities 0,689202437604511 0,6538990636940898
fidelities 0,689202437604511 0,6614839919095369
fidelities 0,689202437604511 0,669312331408925
fidelities 0,689202437604511 0,677384199042209
fidelities 0,689202437604511 0,6856992680749572
fidelities 0,7416198487095662 0,656025769907024
fidelities 0,7416198487095662 0,6641180251277985
fidelities 0,7416198487095662 0,6724743821462089
fidelities 0,7416198487095662 0,681093657270425
fidelities 0,7416198487095662 0,689974053598873
fidelities 0,7416198487095662 0,6991131573251624
fidelities 0,7416198487095662 0,7085079372971413
fidelities 0,7416198487095662 0,7181547478507927
fidelities 0,7416198487095662 0,7280493349146854
fidelities 0,7416198487095662 0,7381868453565551
fidelities 0,7416198487095662 0,7485618395204279
fidelities 0,7905694150420948 0,6979760779087124
fidelities 0,7905694150420948 0,7077107094279317
fidelities 0,7905694150420948 0,7177071257918407
fidelities 0,7905694150420948 0,7279592354062093
fidelities 0,7905694150420948 0,7384602183180858
fidelities 0,7905694150420948 0,749202550397608
fidelities 0,7905694150420948 0,7601780320152927
fidelities 0,7905694150420948 0,7713778209992638
fidelities 0,7905694150420948 0,7827924696198041
fidelities 0,7905694150420948 0,7944119653138628
fidelities 0,7905694150420948 0,8062257748298549
fidelities 0,8366600265340756 0,738147679192504
fidelities 0,8366600265340756 0,7491800562061265
fidelities 0,8366600265340756 0,7604450631719117
fidelities 0,8366600265340756 0,7719316626426684
fidelities 0,8366600265340756 0,7836281592438583
fidelities 0,8366600265340756 0,7955222592611183
fidelities 0,8366600265340756 0,8076011342465201
fidelities 0,8366600265340756 0,8198514880470732
fidelities 0,8366600265340756 0,8322596266247078
fidelities 0,8366600265340756 0,8448115300099828
fidelities 0,8366600265340756 0,8574929257125442
fidelities 0,8803408430829505 0,7757967227806095
fidelities 0,8803408430829505 0,7877824344460979
fidelities 0,8803408430829505 0,7999528033162766
fidelities 0,8803408430829505 0,8122927041721497
fidelities 0,8803408430829505 0,8247866024861381
fidelities 0,8803408430829505 0,8374186457037268
fidelities 0,8803408430829505 0,850172755756507
fidelities 0,8803408430829505 0,8630327218303483
fidelities 0,8803408430829505 0,87598229242232
fidelities 0,8803408430829505 0,8890052657444392
fidelities 0,8803408430829505 0,9020855775710778
fidelities 0,9219544457292886 0,8105043047930643
fidelities 0,9219544457292886 0,8231278129439267
fidelities 0,9219544457292886 0,8358773711488982
fidelities 0,9219544457292886 0,8487351448558696
fidelities 0,9219544457292886 0,8616832632414962
fidelities 0,9219544457292886 0,8747039284953431
fidelities 0,9219544457292886 0,8877795216638448
fidelities 0,9219544457292886 0,9008927039292418
fidelities 0,9219544457292886 0,9140265122961041
fidelities 0,9219544457292886 0,9271644487717144
fidelities 0,9219544457292886 0,9402905622537188
fidelities 0,9617692030835672 0,8420982120535496
fidelities 0,9617692030835672 0,8550879270558742
fidelities 0,9617692030835672 0,8681414708013118
fidelities 0,9617692030835672 0,8812398347219965
fidelities 0,9617692030835672 0,8943643980398024
fidelities 0,9617692030835672 0,9074970362787077
fidelities 0,9617692030835672 0,9206202210383567
fidelities 0,9617692030835672 0,9337171101391578
fidelities 0,9617692030835672 0,9467716274429351
fidelities 0,9617692030835672 0,9597685318525724
fidelities 0,9617692030835672 0,9726934751940525
fidelities 0,9999999999999999 0,8705822001478535
fidelities 0,9999999999999999 0,8837157126173615
fidelities 0,9999999999999999 0,8968525060100107
fidelities 0,9999999999999999 0,9099738179542626
fidelities 0,9999999999999999 0,923061680146168
fidelities 0,9999999999999999 0,9360990078945662
fidelities 0,9999999999999999 0,9490696764390185
fidelities 0,9999999999999999 0,9619585837502804
fidelities 0,9999999999999999 0,9747516997746738
fidelities 0,9999999999999999 0,9874361023203752
fidelities 0,9999999999999999 0,9999999999999999