fidelities 0,49999999999999994 0,49999999999999994
fidelities 0,49999999999999994 0,49999999999999994
fidelities 0,49999999999999994 0,49999999999999994
fidelities 0,49999999999999994 0,49999999999999994
fidelities 0,49999999999999994 0,49999999999999994
fidelities 0,49999999999999994 0,49999999999999994
fidelities 0,49999999999999994 0,49999999999999994
fidelities 0,49999999999999994 0,49999999999999994
fidelities 0,49999999999999994 0,49999999999999994
fidelities 0,49999999999999994 0,49999999999999994
fidelities 0,49999999999999994 0,49999999999999994
fidelities 0,5700877125495689 0,49999999999999994
fidelities 0,5700877125495689 0,5000025300435734
fidelities 0,5700877125495689 0,500041931014953
fidelities 0,5700877125495689 0,500224645946162
fidelities 0,5700877125495689 0,5007655393689773
fidelities 0,5700877125495689 0,502046273629722
fidelities 0,51478150704935 0,5046993738420682
fidelities 0,5700877125495689 0,5097143025730595
fidelities 0,5700877125495689 0,518549565831766
fidelities 0,5700877125495689 0,5332126202177525
fidelities 0,5700877125495689 0,5562426993624808
fidelities 0,6324555320336758 0,49999999999999994
fidelities 0,5477225575051661 0,5000050701740905
fidelities 0,5099019513592784 0,5000845238393212
fidelities 0,6324555320336758 0,5004571199056821
fidelities 0,6324555320336758 0,5015770812183434
fidelities 0,6324555320336758 0,5042759077435123
fidelities 0,6324555320336758 0,5099637860761322
fidelities 0,6324555320336758 0,520858123985413
fidelities 0,6324555320336758 0,5401368031746042
fidelities 0,6324555320336758 0,5718206239972987
fidelities 0,6324555320336758 0,6201736729460422
fidelities 0,689202437604511 0,49999999999999994
fidelities 0,689202437604511 0,5000076203912438
fidelities 0,689202437604511 0,5001277781366515
fidelities 0,689202437604511 0,5006974002944854
fidelities 0,689202437604511 0,5024341864137344
fidelities 0,689202437604511 0,5066841411061671
fidelities 0,5700877125495689 0,5157589861297517
fidelities 0,689202437604511 0,5332501922155002
fidelities 0,689202437604511 0,5640211677334162
fidelities 0,689202437604511 0,6134411730744835
fidelities 0,689202437604511 0,6856992680749572
fidelities 0,7416198487095662 0,49999999999999994
fidelities 0,7416198487095662 0,5000101806947245
fidelities 0,5196152422706631 0,5001716935628765
fidelities 0,7416198487095662 0,5009454645136078
fidelities 0,5385164807134504 0,5033363835176109
fidelities 0,7416198487095662 0,5092657665184562
fidelities 0,7416198487095662 0,5220474697486177
fidelities 0,7416198487095662 0,5466978857315468
fidelities 0,7416198487095662 0,5894735974437663
fidelities 0,7416198487095662 0,6560257699070241
fidelities 0,7416198487095662 0,7485618395204279
fidelities 0,7905694150420948 0,49999999999999994
fidelities 0,5123475382979799 0,500012751084222
fidelities 0,7905694150420948 0,5002162697663235
fidelities 0,7905694150420948 0,5012012889569254
fidelities 0,7905694150420948 0,5042831697056581
fidelities 0,7905694150420948 0,5120151687928102
fidelities 0,7905694150420948 0,5287892349569961
fidelities 0,7905694150420948 0,5610053341866278
fidelities 0,7905694150420948 0,6158228576949569
fidelities 0,7905694150420948 0,6979760779087124
fidelities 0,6123724356957945 0,8062257748298549
fidelities 0,8366600265340756 0,49999999999999994
fidelities 0,6324555320336758 0,5000153315594238
fidelities 0,8366600265340756 0,5002615063877264
fidelities 0,5431390245600107 0,5014648490192349
fidelities 0,5567764362830022 0,5052740117382549
fidelities 0,8366600265340756 0,5149263646091023
fidelities 0,8366600265340756 0,5359425285994005
fidelities 0,8366600265340756 0,5759802631241234
fidelities 0,8366600265340756 0,6424828859792681
fidelities 0,6204836822995428 0,738147679192504
fidelities 0,8366600265340756 0,8574929257125442
fidelities 0,8803408430829505 0,49999999999999994
fidelities 0,8803408430829505 0,5000179221200156
fidelities 0,8803408430829505 0,5003074030602351
fidelities 0,8803408430829505 0,501736119104679
fidelities 0,8803408430829505 0,5063083469829719
fidelities 0,8803408430829505 0,5179930436804021
fidelities 0,8803408430829505 0,5434645597239618
fidelities 0,8803408430829505 0,5914393797561354
fidelities 0,8803408430829505 0,6689647894228413
fidelities 0,6519202405202649 0,7757967227806095
fidelities 0,8803408430829505 0,9020855775710778
fidelities 0,9219544457292886 0,49999999999999994
fidelities 0,9219544457292886 0,5000205227656813
fidelities 0,6708203932499368 0,5003539594094273
fidelities 0,9219544457292886 0,5020150726355096
fidelities 0,9219544457292886 0,5073855844839253
fidelities 0 0,5212086106748277
fidelities 0,9219544457292886 0,5513121612752613
fidelities 0,9219544457292886 0,6072122972429224
fidelities 0,9219544457292886 0,6948779242338757
fidelities 0,9219544457292886 0,8105043047930643
fidelities 0,9219544457292886 0,9402905622537188
fidelities 0,6892024376045109 0,49999999999999994
fidelities 0,9617692030835672 0,5000231334961027
fidelities 0,9617692030835672 0,5004011750533186
fidelities 0,9617692030835672 0,5023016820611862
fidelities 0,9617692030835672 0,508505106073709
fidelities 0,9617692030835672 0,5245662273669529
fidelities 0,9617692030835672 0,5594423869046201
fidelities 0,9617692030835672 0,6231441250060836
fidelities 0,9617692030835672 0,7199239780837516
fidelities 0 0,8420982120535496
fidelities 0,9617692030835672 0,9726934751940525
fidelities 0,9999999999999999 0,49999999999999994
fidelities 0,9999999999999999 0,5000257543109604
fidelities 0,9999999999999999 0,5004490496023747
fidelities 0,9999999999999999 0,5025959188677958
fidelities 0,9999999999999999 0,5096662675235495
fidelities 0,9999999999999999 0,5280588545286916
fidelities 0,9999999999999999 0,5678130347320696
fidelities 0,9999999999999999 0,639096920675415
fidelities 0,9999999999999999 0,7438870770271409
fidelities 0,9999999999999999 0,8705822001478535
fidelities 0,7071067811865475 0,9999999999999999